$ 1 0.000005 10.20027730826997 50 5 43 5e-11
c 304 320 304 368 0 1.0000000000000001e-7 3.333333333333242 0.001
g 304 368 304 384 0 0
w 208 288 96 288 0
w 208 256 208 288 0
w 208 160 160 160 0
w 160 160 32 160 0
174 160 256 48 288 1 10000 0.9851000000000001 Resistance
r 160 224 160 160 0 1000
d 160 256 160 224 2 1N4148
d 32 160 32 256 2 1N4148
w 304 320 304 288 0
g 336 288 336 304 0 0
w 368 96 368 160 0
w 304 96 368 96 0
w 208 224 240 224 0
w 208 224 208 256 0
g 96 336 96 352 0 0
c 96 288 96 336 0 1e-8 2.3925371815089713 0.001
w 208 256 240 256 0
w 208 96 304 96 0
r 208 160 208 96 0 1000
w 240 160 208 160 0
O 368 192 416 192 0 0
R 304 96 304 80 0 0 40 5 0 0 0.5
165 240 128 256 128 4 0
