$ 1 0.000005 2.688763906446752 56 5 50 5e-11
165 240 128 256 128 4 0
R 304 32 304 16 0 0 40 12 0 0 0.5
O 416 192 464 192 0 0
w 240 160 208 160 0
r 208 160 208 96 0 10000
w 208 96 304 96 0
w 208 256 240 256 0
c 208 256 208 304 0 2.0000000000000002e-7 2.378282399976199 0.001
g 208 304 208 320 0 0
w 208 224 208 256 0
w 208 224 240 224 0
r 208 160 208 224 0 10000
w 304 96 368 96 0
w 368 96 368 160 0
g 336 288 336 304 0 0
r 64 320 64 256 0 10000
r 64 384 64 320 0 1000
g 64 384 64 416 0 0
w 64 256 64 96 1
w 64 96 208 96 0
w 64 320 304 320 0
w 304 320 304 288 0
r 416 192 416 288 0 100
g 416 288 416 320 0 0
w 368 192 416 192 1
w 304 32 304 96 0
o 2 1 0 36878 20 0.00009765625 0 1 output
38 16 F1 0 1 1000 -1 Resistance
